   15.9790    0.0290  113.7670
     39.42     42.76     40.98     38.64     42.21     37.24     38.41     40.25
     41.48     38.25     37.19     38.19     42.15     38.92     41.48     40.64
     39.03     40.37     40.20     39.03     38.36     38.58     39.53     38.53
     40.53     39.03     38.02     38.30     39.75     41.09     40.25     39.53
     40.37     40.03     38.97     38.58     38.92     39.53     39.14     37.63
     37.80     36.46     37.69     38.30     38.80     40.76     42.04     37.86
     39.53     38.97     35.96     38.30     37.63     40.03     39.92     36.57
     37.75     36.91     38.58     44.21     37.97     37.58     38.69     35.01
     34.96     37.75     37.08     39.42     36.24     37.58     37.13     35.85
     37.58     38.19     36.18     38.02     38.19     36.96     38.69     39.08
     38.75     36.07     36.69     37.36     39.98     39.81     39.64     36.18
     33.12     34.62     34.51     38.92     38.30     37.80     36.91     39.36
     36.07     36.52     37.69     38.08     37.24     40.70     37.19     34.96
     38.08     39.92     37.47     38.30     37.63     35.96     35.74     37.86
     38.02     36.85     36.57     36.57     35.57     37.19     37.75     36.85
     37.36     37.58     36.52     35.46     35.01     36.07     37.24     35.85
     37.52     39.08     39.75     37.19     36.96     36.96     38.47     35.85
     36.85     38.58     38.36     37.08     34.73     36.24     35.35     36.57
     35.40     38.53     36.07     36.91     37.86     34.62     35.79     36.07
     36.07     38.08     39.14     37.13     35.57     38.30     38.14     37.75
     37.63     36.96     35.12     36.69     36.41     37.97     37.30     36.24
     37.69     38.14     38.36     38.92     39.31     41.03     38.47     40.25
     43.99     43.32     49.90     60.77     74.38    102.70    146.63    232.05
    359.89    459.86    407.45    236.17    107.66     60.55     44.49     41.48
     41.09     37.41     38.97     38.30     36.52     37.80     34.29     35.79
     34.85     33.73     33.45     34.29     36.52     35.24     34.40     34.62
     36.57     36.35     38.19     33.79     35.35     34.62     37.91     37.86
     38.30     37.41     34.96     34.68     36.41     35.40     38.69     36.30
     36.13     36.30     36.46     36.41     36.57     34.18     35.85     36.24
     33.90     35.18     36.96     35.57     37.86     36.96     36.69     31.61
     36.85     34.85     38.19     36.13     33.84     36.80     35.79     37.47
     37.30     36.35     36.24     36.18     35.91     33.73     36.91     37.41
     35.79     34.96     35.07     35.29     35.29     36.74     36.80     35.01
     34.46     33.56     34.07     37.86     36.57     34.73     36.07     35.01
     33.40     35.85     34.79     36.18     35.68     35.63     36.24     35.35
     35.24     34.29     31.50     32.73     34.01     33.17     36.30     35.01
     34.73     36.57     32.56     34.29     36.52     34.62     36.07     33.51
     33.73     35.35     32.23     33.79     34.68     31.11     33.84     33.95
     31.89     33.62     33.73     32.45     34.23     32.23     32.50     31.45
     33.56     36.96     32.95     30.16     34.18     35.29     31.39     34.12
     32.62     32.56     34.46     34.96     41.26     43.82     49.29     60.77
     81.79    118.25    169.16    213.82    211.59    151.76     86.36     55.70
     43.93     41.93     35.40     35.29     35.52     32.89     33.12     31.45
     31.17     35.57     33.23     33.12     31.89     35.07     30.22     31.28
     32.39     33.12     32.45     32.95     32.11     32.00     32.34     31.95
     32.78     34.23     30.89     30.39     33.29     35.29     33.23     35.85
     32.67     33.90     34.12     34.12     33.23     30.89     32.62     33.01
     31.67     31.50     30.44     33.06     31.56     29.77     33.56     32.56
     32.06     32.28     30.27     32.95     34.34     29.72     31.05     32.78
     31.72     30.83     29.72     31.33     33.79     31.56     30.50     31.11
     31.84     31.56     32.62     30.39     29.38     28.88     30.33     32.28
     32.11     30.50     30.94     33.12     32.00     31.39     31.33     34.07
     34.29     30.83     30.83     35.12     35.96     38.25     42.26     47.11
     63.45     91.99    146.58    268.29    498.77    818.74   1000.00    776.65
    387.54    151.26     72.20     50.18     42.32     38.97     35.74     33.12
     30.78     30.39     32.56     32.62     28.38     31.00     30.00     30.05
     28.82     28.60     29.05     28.04     27.54     30.50     31.05     28.77
     29.38     30.44     28.94     28.88     31.28     28.43     30.78     30.00
     28.27     29.10     31.84     31.78     30.83     28.99     28.94     30.55
     28.99     27.38     27.82     27.65     28.27     30.44     28.21     29.55
     30.05     29.61     29.05     30.50     30.00     29.49     33.51     30.55
     32.89     34.68     40.14     57.20     79.45    129.91    259.81    465.88
    703.50    735.11    471.90    207.57     82.01     45.10     36.80     33.56
     30.44     29.77     27.49     28.49     27.15     27.77     29.72     26.98
     25.31     26.76     25.65     25.37     26.37     27.77     26.15     25.42
     26.04     23.53     25.70     24.87     27.26     25.65     23.75     24.48
     25.03     24.53     25.09     25.42     23.14     26.98     27.15     23.31
     23.64     25.09     24.87     25.59     25.14     23.64     23.08     24.59
     25.03     24.36     24.48     23.31     24.70     23.70     22.02     26.09
     24.59     23.08     22.08     25.26     24.09     22.80     23.92     24.14
     25.26     24.09     22.02     24.03     24.64     23.42     23.19     25.14
     23.58     25.59     25.70     25.54     23.58     24.25     23.75     25.20
     25.14     24.70     23.36     23.36     25.65     23.64     23.53     21.97
     24.09     25.81     23.75     23.86     23.53     20.91     22.41     23.58
     23.42     21.97     23.53     24.36     22.25     20.91     22.36     22.02
     22.25     21.80     21.07     22.80     24.20     21.69     22.25     21.13
     22.75     21.35     23.19     22.30     21.07     21.41     21.13     21.13
     21.19     22.41     23.03     20.07     22.36     22.36     19.29     20.24
     21.07     20.13     21.24     19.96     19.01     19.29     20.63     23.42
     23.64     20.18     21.97     21.91     19.79     20.63     20.52     20.96
     23.25     23.47     20.41     24.09     22.80     22.41     24.20     24.42
     22.36     21.74     23.25     23.31     25.93     25.48     30.00     38.86
     47.00     69.64    109.56    187.28    277.88    327.05    284.73    182.82
     89.60     50.85     36.30     29.38     26.09     24.81     23.75     21.52
     23.25     22.47     21.86     20.24     21.19     19.85     20.57     21.52
     20.63     19.35     19.57     20.74     20.41     19.79     20.02     18.40
     18.40     19.40     20.35     17.56     20.29     19.57     18.34     18.51
     19.96     20.96     20.29     18.79     18.06     17.79     18.79     19.74
     20.57     19.68     20.29     22.08     19.40     19.24     17.45     17.51
     18.18     18.96     19.90     19.63     17.34     17.62     18.62     16.78
     19.57     19.35     18.57     17.23     19.74     19.90     19.96     18.84
     17.90     19.79     21.41     20.24     19.40     22.64     25.70     39.53
     58.99    112.12    205.40    321.87    339.15    246.26    122.94     58.15
     36.24     31.00     32.84     41.15     59.10     88.87    133.53    155.50
    137.27     88.82     48.84     31.84     23.47     22.64     22.25     22.36
     20.13     18.62     17.79     18.18     18.84     18.01     18.68     18.96
     16.22     18.51     19.40     17.90     17.45     17.67     17.40     16.39
     19.12     17.62     17.28     17.79     17.23     17.90     18.62     18.01
     16.95     18.79     17.73     17.06     16.95     16.39     17.00     16.95
     16.50     17.00     16.73     15.72     15.83     17.40     17.62     17.23
     16.67     15.95     15.67     16.06     15.17     16.73     17.67     17.12
     15.50     15.17     15.67     16.50     17.34     17.06     16.95     16.95
     17.67     17.84     16.00     16.56     15.89     16.11     16.39     15.95
     17.90     16.45     16.06     16.89     15.22     17.12     15.28     17.51
     15.39     16.17     17.06     16.11     17.28     16.22     17.17     18.68
     17.45     16.45     16.00     15.72     18.34     17.34     17.62     15.95
     16.45     17.90     17.62     15.28     17.45     16.17     16.11     15.83
     17.12     18.29     16.06     16.00     17.17     15.89     17.45     17.00
     15.05     15.95     16.34     15.78     16.67     16.89     16.50     16.39
     16.56     16.00     15.67     17.28     16.28     15.89     15.50     16.34
     15.83     16.95     16.45     17.84     19.79     19.85     19.35     19.07
     16.56     15.67     16.84     16.95     17.17     14.55     15.00     15.50
     15.28     15.05     17.00     17.28     16.39     16.45     14.50     16.34
     16.34     17.12     15.28     16.89     17.17     17.62     15.95     16.11
     16.17     16.39     16.84     16.00     15.17     16.73     15.83     16.73
     16.50     16.28     17.17     18.68     17.56     16.22     17.62     19.46
     18.51     17.73     18.68     16.95     19.68     19.90     21.41     23.70
     25.65     32.17     41.20     56.03     89.65    162.86    261.43    353.87
    377.34    291.59    187.78    154.10    170.10    187.22    164.64    110.28
     61.61     32.23     22.36     21.69     19.85     17.95     17.95     18.34
     17.00     14.83     14.38     17.06     17.17     15.33     15.44     17.73
     16.06     15.11     15.95     15.95     15.33     15.11     15.17     16.34
     14.50     13.77     14.66     15.56     16.11     16.67     16.28     15.56
     13.49     15.22     15.95     15.61     16.50     16.45     16.17     16.22
     15.89     14.66     12.60     15.28     15.61     15.44     15.56     14.55
     15.00     16.39     15.83     16.61     17.28     14.33     15.39     15.78
     16.28     15.67     15.39     14.72     15.83     17.17     16.17     14.66
     14.16     14.83     15.83     17.28     16.78     15.83     14.83     15.17
     14.77     16.28     15.78     16.89     16.11     14.50     15.28     16.39
     14.61     16.89     15.44     15.56     15.50     16.39     16.89     16.67
     19.74     21.35     20.18     18.12     17.23     17.79     17.17     14.44
     15.78     14.33     15.17     17.90     15.61     16.11     17.06     14.16
     15.56     18.18     15.95     16.17     16.56     15.89     18.01     15.78
     17.51     15.05     17.40     17.17     17.90     16.73     18.73     18.51
     19.63     22.97     26.09     39.53     71.14    145.07    295.05    508.08
    641.61    552.13    335.81    152.15     64.62     35.07     27.26     23.36
     19.63     17.79     16.84     16.28     18.34     16.39     15.61     15.17
     17.67     15.39     14.72     15.50     15.83     16.00     15.00     16.28
     15.00     15.61     15.61     14.94     14.89     15.22     15.83     14.72
     16.17     15.78     13.94     15.33     16.22     14.38     14.55     13.99
     14.72     14.94     14.72     12.77     14.89     16.34     15.11     15.05
     15.72     15.11     17.62     20.96     28.49     45.61     94.06    199.54
    329.95    379.13    338.93    207.13     95.73     42.65     23.36     18.18
     19.74     16.73     14.66     16.78     15.89     14.55     14.16     12.82
     14.05     15.72     16.45     15.00     14.55     15.05     14.61     14.11
     14.11     15.61     13.83     15.22     14.44     15.61     13.94     14.38
     15.17     15.72     15.22     14.16     15.17     13.60     14.66     14.44
     15.05     14.44     14.72     14.50     14.89     13.33     12.88     14.83
     16.39     14.72     14.38     14.05     13.33     14.66     14.38     14.38
     13.83     15.22     14.61     13.66     15.28     14.38     14.61     16.06
     14.66     13.88     14.33     15.05     13.05     14.05     15.11     13.94
     13.77     15.67     14.72     14.55     14.77     12.88     14.94     14.27
     14.27     14.33     14.05     14.72     15.33     13.38     13.10     15.39
     14.11     12.60     13.38     14.94     15.95     16.28     16.67     16.50
     14.27     17.62     14.94     14.77     14.61     14.61     15.61     15.95
     16.06     16.22     15.00     15.05     16.34     15.83     15.89     17.12
     16.89     17.28     18.01     17.84     17.40     19.29     20.80     26.26
     32.89     57.71     96.90    145.13    179.42    181.98    149.59     90.15
     49.90     30.72     27.49     22.86     18.29     17.95     17.84     15.39
     16.89     16.95     15.39     16.84     15.17     16.22     16.22     15.28
     15.44     15.78     14.44     14.66     13.99     13.88     16.45     16.39
     15.83     14.38     14.33     15.83     16.61     16.00     14.83     13.66
     12.60     13.21     15.61     15.56     16.28     16.17     14.33     15.22
     17.00     20.63     26.43     42.48     83.80    150.81    213.37    221.45
    169.99     84.58     35.29     21.30     19.07     17.45     16.89     14.83
     14.77     16.11     16.17     14.55     14.50     15.11     16.22     16.84
     15.11     15.67     16.39     15.39     14.66     15.67     15.44     15.44
     16.56     14.33     14.66     13.83     14.27     14.89     15.22     13.94
     15.17     15.22     14.83     15.11     15.17     14.83     15.11     15.72
     14.72     15.89     15.78     17.12     15.89     15.50     14.83     16.06
     15.61     15.56     15.83     16.22     16.17     14.72     17.67     16.84
     15.72     15.05     16.28     15.56     16.50     17.45     16.95     16.89
     18.73     21.19     22.91     32.06     48.56    101.69    191.68    316.18
    401.48    379.18    250.00    125.39     55.25     31.11     25.87     21.35
     20.29     20.18     18.06     17.28     17.73     16.67     19.18     17.23
     17.90     17.95     16.61     16.28     17.62     19.12     15.61     19.12
     18.12     17.90     17.84     16.78     18.62     17.45     18.06     19.24
     17.17     21.24     19.01     21.63     24.20     20.41     23.14     25.37
     27.26     32.73     43.38     69.80    126.84    222.01    330.34    398.86
    355.71    232.72    123.66     65.79     42.09     32.84     28.55     26.15
     24.20     21.91     19.79     19.74     20.41     18.79     20.02     19.01
     17.45     17.62     18.84     19.01     18.18     17.40     15.89     18.18
     18.57     21.13     19.35     18.73     18.01     17.17     17.51     16.06
     17.28     17.00     19.85     17.23     18.79     17.67     16.39     16.78
     17.95     18.51     18.45     16.50     19.12     17.73     15.44     17.06
     17.84     19.12     18.96     17.67     18.29     19.12     17.17     17.28
     18.06     18.23     18.40     16.89     17.12     18.57     18.51     16.61
     17.00     16.61     17.67     17.12     18.18     18.06     16.61     16.78
     19.12     22.47     24.75     26.20     26.32     22.58     17.34     19.07
     18.73     18.96     18.23     17.17     16.89     15.72     17.45     17.23
     15.78     16.84     15.72     16.39     18.34     18.96     17.06     15.17
     16.45     14.72     17.62     16.78     16.61     16.67     17.67     17.51
     17.00     17.73     18.01     16.61     17.62     17.12     17.12     16.11
     17.34     16.78     17.06     17.12     15.39     16.34     17.56     17.84
     17.34     21.41     24.31     29.27     32.56     30.72     26.20     26.59
     34.01     42.71     44.27     46.44     37.19     28.27     24.92     21.74
     20.46     21.35     17.34     17.84     17.28     18.06     16.78     17.90
     17.95     16.28     16.11     17.73     18.40     16.22     17.62     16.84
     17.62     17.06     19.12     18.62     18.40     18.62     18.34     17.34
     17.12     17.51     17.84     19.74     17.45     17.62     18.90     17.90
     17.73     17.90     17.17     17.40     18.06     19.74     18.45     17.12
     18.12     17.56     17.95     17.51     17.62     18.23     18.51     19.35
     18.01     17.90     17.40     18.29     19.68     18.45     17.95     20.13
     25.93     37.52     56.59     86.42    104.87    104.37     77.22     43.66
     25.31     20.41     19.40     17.51     16.39     17.73     17.40     17.45
     17.28     17.06     15.05     16.34     17.79     17.67     17.28     17.62
     18.90     19.29     16.89     16.78     16.84     20.24     19.18     17.73
     17.67     17.84     19.18     18.73     16.73     16.11     17.51     16.34
     18.79     16.28     19.35     19.35     18.57     16.89     18.12     18.40
     17.56     17.62     18.01     17.12     20.29     19.01     17.12     17.67
     18.45     19.96     18.18     18.18     18.73     19.68     20.41     18.40
     18.57     20.35     19.63     17.45     17.73     19.57     19.01     19.07
     19.68     19.68     20.07     20.63     18.73     19.01     20.24     20.91
     18.12     19.35     20.91     20.29     21.13     20.52     19.24     18.79
     18.96     19.24     19.46     18.62     18.68     18.68     21.07     18.51
     19.68     21.47     21.07     20.46     20.91     19.24     18.62     19.85
     20.63     19.57     20.80     22.75     21.52     23.19     23.19     24.09
     28.21     28.88     38.02     54.25     91.05    130.63    175.90    179.86
    147.41     95.39     57.20     37.13     28.99     27.21     25.37     23.36
     23.92     24.09     22.58     23.08     23.19     22.75     21.80     20.96
     21.35     22.52     22.86     22.97     22.47     21.13     21.74     22.86
     21.63     22.25     23.03     23.42     25.70     30.33     45.83     80.45
    147.19    209.30    271.63    266.89    188.28     98.80     41.20     30.72
     26.15     23.25     24.75     22.52     23.97     25.48     25.70     26.20
     27.32     28.04     29.33     35.52     48.17     71.25    120.87    189.51
    247.38    270.35    233.00    162.36     88.98     48.73     39.19     30.27
     29.66     26.71     27.15     25.81     22.64     22.02     24.03     24.31
     21.63     23.64     24.31     22.58     22.25     21.30     22.36     23.03
     23.31     23.08     22.75     24.36     30.55     41.31     65.01     97.74
    126.84    135.82    112.29     76.55     43.21     27.15     23.64     22.69
     21.07     21.63     20.74     22.30     20.46     21.24     20.35     20.91
     22.36     21.63     21.91     20.85     21.13     22.64     21.47     21.07
     21.86     20.41     20.68     22.19     21.52     19.79     22.08     19.24
     22.47     20.85     20.24     21.47     21.07     19.01     19.18     22.52
     22.02     20.80     23.53     25.59     25.14     27.88     27.60     25.70
     23.14     20.46     20.74     23.19     23.81     21.97     23.25     23.08
     21.58     21.30     21.74     21.30     21.47     21.41     22.08     22.75
     21.74     20.35     20.85     22.41     21.35     19.96     22.47     22.97
     21.41     21.02     23.86     22.64     22.19     23.70     21.86     22.86
     23.08     22.80     23.14     24.53     25.76     28.49     40.53     69.75
    117.47    167.21    216.10    214.48    128.96     59.21     34.57     27.88
     24.36     22.91     23.64     23.25     20.91     22.80     23.97     21.91
     23.53     24.20     20.29     20.63     22.75     22.52     23.97     22.41
     20.24     22.47     24.20     21.41     22.30     23.36     22.25     20.85
     23.92     20.85     21.41     22.41     23.19     22.64     21.74     24.48
     18.96     20.35     23.58     23.36     21.63     21.86     22.13     23.25
     23.14     22.19     21.74     20.46     21.69     24.36     22.97     22.13
     22.86     21.63     24.31     24.53     22.69     22.30     21.30     23.36
     22.64     22.86     22.52     22.36     22.08     21.69     21.52     22.58
     23.86     22.30     22.69     21.91     21.13     20.57     22.69     22.64
     22.25     22.64     23.08     22.75     24.03     23.42     24.53     27.65
     29.38     29.72     30.22     27.82     23.47     26.15     23.64     23.42
     22.30     24.25     24.20     24.87     22.86     22.30     25.31     22.80
     22.97     23.19     23.08     22.64     24.36     25.42     24.36     22.80
     23.08     23.53     23.86     23.14     22.86     22.75     23.64     23.36
     23.58     25.76     24.70     21.52     21.58     22.36     25.09     26.43
     25.59     24.36     24.42     24.64     25.03     23.92     23.42     24.48
     24.98     26.65     28.16     31.17     46.28     75.60    104.76    137.54
    165.20    147.30     99.58     49.96     32.00     27.88     28.10     26.98
     26.82     25.42     27.04     29.49     29.61     32.34     45.10     63.00
    107.16    160.63    204.28    217.11    186.55    113.63     57.71     39.47
     34.07     31.61     30.55     28.04     27.15     27.38     28.88     33.56
     38.92     50.07     65.68     86.25     99.63    105.60     87.14     59.94
     40.92     35.91     30.22     30.16     33.90     36.41     45.38     55.64
     61.55     66.85     63.06     50.12     37.91     30.39     28.99     25.54
     26.37     26.71     27.04     26.54     25.48     24.25     23.31     24.48
     27.82     26.87     24.42     24.75     26.43     25.48     25.09     25.70
     24.70     24.09     25.65     26.98     25.76     25.20     25.59     25.48
     24.64     26.71     24.53     25.42     25.31     24.42     23.92     23.97
     24.87     25.14     23.36     23.31     26.71     24.92     25.65     25.26
     24.03     25.87     25.98     25.98     23.81     26.26     28.21     26.20
     24.36     26.15     25.09     24.92     23.92     23.75     25.26     25.59
     26.37     24.48     26.82     25.87     24.98     24.53     23.47     25.93
     26.09     25.09     24.20     25.87     25.59     26.43     26.26     26.54
     26.59     26.43     27.71     28.10     25.37     24.81     28.27     29.10
     31.95     36.41     47.11     52.13     50.62     41.03     30.44     27.15
     26.37     25.26     25.20     23.31     26.59     27.38     24.59     26.37
     24.25     25.98     27.99     27.93     30.50     32.00     29.21     29.83
     28.04     30.22     31.00     34.23     39.59     45.77     53.64     59.71
     54.53     44.44     35.40     26.54     29.10     29.05     28.55     28.38
     29.27     25.98     27.10     25.54     25.65     25.70     24.48     27.93
     26.04     23.31     25.59     25.93     27.04     26.82     26.87     26.48
     24.87     24.48     26.98     27.77     27.82     26.09     24.59     26.09
     25.70     26.43     26.15     26.87     27.71     26.93     25.59     27.21
     27.04     25.48     25.14     26.76     26.26     25.98     25.42     27.26
     27.77     24.09     24.14     27.26     24.59     25.70     26.65     25.09
     24.70     24.70     26.87     26.09     24.87     26.20     25.26     25.81
     24.75     24.36     25.09     24.25     26.87     26.98     26.04     25.76
     24.75     23.70     24.98     26.04     26.43     26.59     24.81     27.82
     25.65     27.43     24.92     28.27     30.05     28.38     29.38     32.06
     28.49     27.15     25.65     28.32     27.60     26.43     26.26     27.10
     25.98     26.76     28.82     29.44     28.55     28.55     28.04     29.94
     35.29     51.74     71.20     97.85    130.35    122.27     84.86     52.46
     34.68     28.21     29.49     28.16     26.54     28.04     27.60     25.93
     25.93     30.27     35.91     42.15     48.06     52.30     50.35     40.53
     32.17     31.17     27.54     27.43     26.43     24.25     27.54     27.21
     27.49     27.49     27.99     26.65     26.48     27.32     27.15     26.37
     26.26     27.99     30.22     28.88     24.81     28.82     31.95     30.16
     29.10     28.49     28.71     30.05     30.27     30.72     31.00     29.38
     29.49     30.00     29.05     29.55     30.11     27.32     28.16     29.27
     28.94     28.94     28.88     27.77     27.60     27.88     30.44     27.43
     27.43     27.26     27.49     28.77     28.99     28.60     30.83     27.54
     30.89     34.68     37.91     42.93     45.72     46.11     42.60     36.85
     37.91     39.64     41.48     37.80     34.40     30.94     28.55     27.93
     24.87     25.14     25.26     23.92     24.87     25.20     24.20     25.48
     24.70     24.14     25.76     26.37     25.14     23.25     24.53     25.03
     25.81     23.97     24.59     24.98     23.19     25.42     24.70     25.65
     25.76     26.26     27.38     25.14     26.59     28.49     27.38     24.70
     28.82     26.82     27.49     27.71     28.43     32.50     40.64     51.57
     73.82    111.06    165.03    219.22    239.74    214.99    154.05     96.62
     91.05    107.66    148.42    222.96    293.26    317.13    270.52    195.36
    110.00     66.79     46.22     34.12     29.49     31.11     29.66     27.77
     28.49     29.94     30.33     28.43     27.99     27.15     27.04     26.93
     25.65     24.09     27.04     23.86     25.87     27.93     25.98     27.82
     25.37     24.98     27.15     29.94     31.11     31.05     35.74     48.56
     57.59     66.35     67.80     55.81     46.72     34.57     31.22     27.21
     24.81     24.92     26.09     25.03     25.31     24.75     26.93     26.32
     25.65     24.75     23.70     24.87     23.36     23.31     22.69     25.65
     23.64     23.36     25.42     25.65     23.47     25.48     22.64     23.58
     21.58     23.19     26.65     24.87     22.64     24.48     24.53     25.42
     24.31     23.36     26.15     21.86     25.37     23.03     23.75     23.64
     23.36     25.76     25.59     23.97     27.38     27.32     26.65     26.54
     27.71     25.42     28.55     31.05     35.07     35.91     34.73     32.67
     28.77     27.38     28.94     26.87     27.99     25.70     27.43     30.50
     34.68     35.79     52.41     63.56     71.42     71.76     52.91     40.98
     33.12     28.99     28.99     24.03     24.81     25.81     23.75     23.08
     24.09     23.47     25.93     25.65     24.75     23.64     23.19     20.52
     23.75     24.42     25.93     22.97     21.58     23.81     25.54     24.09
     22.36     25.98     25.31     24.09     24.59     22.97     23.97     23.42
     24.87     22.58     24.03     25.37     25.42     26.20     24.36     21.35
     22.52     24.48     23.53     24.98     27.26     25.81     25.14     25.03
     24.70     27.32     25.98     27.04     25.59     23.75     26.65     26.04
     24.75     24.92     26.98     25.59     25.20     26.37     26.32     25.03
     25.59     26.76     27.49     25.81     28.77     27.32     26.37     26.43
     26.93     27.38     26.37     27.04     29.05     28.43     27.88     27.54
     25.09     25.31     28.94     27.93     27.21     27.65     28.38     29.83
     30.78     27.49     26.82     28.66     27.88     28.16     26.43     28.32
     29.61     28.43     27.32     28.10     29.10     27.88     28.94     27.10
     27.65     29.44     29.49     27.82     31.50     29.61     28.82     31.39
     29.94     29.16     32.28     32.28     35.68     37.63     48.90     60.21
     83.02    130.63    178.13    208.13    191.18    136.71     89.65     60.16
     54.53     60.16     78.00     98.52    123.44    135.87    119.81     93.78
     61.61     46.78     37.30     34.12     36.30     32.39     33.68     33.17
     35.63     41.20     52.69     66.74     69.58     55.53     44.71     35.07
     27.82     26.54     25.26     27.38     26.43     25.65     24.59     23.64
     25.03     24.25     25.76     24.59     25.48     26.48     25.37     22.97
     24.31     25.98     26.98     25.59     23.14     22.02     22.91     22.97
     24.75     24.36     22.75     21.02     22.64     23.92     22.47     23.47
     23.19     24.20     24.25     25.54     26.26     23.92     21.30     22.41
     24.48     25.87     23.70     23.25     21.13     22.25     23.25     23.64
     23.53     22.52     23.58     23.64     22.19     22.19     22.75     23.86
     22.80     21.91     22.25     23.92     25.93     22.80     23.81     24.31
     22.97     24.20     23.36     23.31     23.31     23.36     24.09     24.59
     25.03     25.03     23.81     24.03     24.75     23.36     23.58     23.92
     26.04     23.47     21.69     25.76     22.69     23.81     25.93     28.94
     32.00     34.96     36.52     35.29     33.23     29.10     27.26     26.04
     23.53     21.69     23.92     26.59     23.36     23.42     23.70     21.80
     21.86     21.86     22.19     24.36     21.80     23.03     23.31     22.75
     24.36     21.80     24.31     23.58     21.74     21.97     23.42     21.52
     20.80     23.08     24.25     24.14     24.42     23.19     23.53     25.76
     29.49     41.31     63.06     98.29    156.22    198.20    186.66    122.10
     74.15     41.82     28.21     24.09     23.03     22.91     22.80     21.69
     21.19     23.64     21.30     22.69     22.25     22.80     22.25     25.03
     23.19     24.14     22.30     21.58     21.19     21.24     22.36     21.41
     22.36     21.30     23.19     22.86     25.93     23.31     23.81     23.47
     24.20     23.86     22.80     23.70     25.31     23.19     28.10     29.33
     28.60     30.44     38.64     48.28     68.80     82.68     94.00     84.58
     67.63     52.07     37.47     31.11     26.48     26.98     26.09     25.65
     23.36     26.09     24.36     25.42     24.98     24.98     25.87     24.59
     23.92     23.92     25.98     24.75     22.58     23.92     27.54     24.87
     23.14     24.31     24.20     21.97     24.36     25.14     23.58     24.81
     26.04     24.87     25.76     25.54     25.09     24.64     24.59     25.59
     24.09     24.87     26.04     23.75     25.65     26.04     26.48     25.09
     25.42     26.87     25.37     24.87     24.98     23.97     25.59     26.04
     27.38     27.04     27.93     29.05     27.38     25.59     26.98     25.59
     26.26     27.10     27.15     26.65     26.54     26.65     28.16     32.06
     32.39     35.91     40.31     36.57     37.13     34.57     30.78     28.94
     29.72     30.55     37.19     47.50     71.53    104.48    156.72    194.58
    185.66    121.26     72.20     44.66     34.01     30.27     26.76     26.82
     28.16     28.49     27.32     26.76     26.54     23.31     24.25     25.20
     26.20     24.03     22.58     26.04     25.26     25.20     26.59     26.43
     25.81     25.48     27.04     28.21     23.47     24.92     25.93     26.26
     30.00     28.71     27.32     26.98     26.59     28.16     26.98     25.42
     25.03     27.15     27.43     26.87     27.65     28.66     28.71     27.43
     28.66     25.37     26.93     27.71     27.32     28.49     27.93     25.93
     28.16     26.59     26.37     27.10     27.54     27.77     28.32     28.55
     28.21     29.55     27.32     27.49     28.32     29.83     30.11     27.15
     29.27     28.21     28.32     30.94     29.49     28.77     29.10     28.43
     28.04     31.84     29.44     28.49     29.88     28.32     30.50     31.67
     29.77     29.66     31.61     26.20     30.50     31.28     29.10     29.88
     32.06     29.27     33.17     37.52     42.54     57.82     79.39    113.96
    141.39    140.11    107.88     72.87     49.73     40.37     37.75     35.07
     32.28     31.33     29.77     30.61     28.88     29.88     30.50     29.38
     27.43     30.61     29.61     30.05     28.88     30.22     30.61     26.37
     29.77     31.95     29.77     27.71     26.87     27.60     30.94     31.72
     34.62     42.32     51.57     78.17     94.50     97.57     88.54     61.16
     45.27     37.24     31.22     28.71     31.11     30.72     31.28     29.55
     28.60     30.55     31.11     29.33     31.33     34.01     30.83     30.61
     32.11     29.94     28.94     29.27     27.71     31.33     31.50     30.50
     28.66     29.55     29.66     29.94     29.55     26.82     28.71     29.44
     29.72     31.11     31.67     30.22     30.83     29.05     29.77     29.27
     29.27     30.89     31.17     29.10     30.44     30.72     33.56     30.66
     31.11     28.66     31.95     29.10     31.28     32.00     32.62     33.34
     32.34     33.29     32.39     32.62     31.17     30.50     31.56     32.56
     32.06     34.01     31.28     30.27     33.12     33.40     33.12     31.45
     30.00     29.66     32.89     31.95     32.23     31.67     31.17     30.66
     30.55     32.45     32.73     32.11     33.17     31.00     33.34     33.34
     33.34     34.34     34.40     32.62     32.50     36.35     32.34     32.78
     32.23     35.40     33.23     33.73     34.62     35.29     37.19     41.09
     49.45     52.19     55.64     55.92     51.40     47.89     40.20     36.69
     37.19     34.90     35.91     35.40     30.83     31.67     33.73     32.11
     32.78     34.40     33.84     33.29     32.06     33.40     33.01     30.39
     32.95     34.29     32.23     29.27     31.61     33.90     32.56     35.91
     41.15     47.67     64.51     89.54    118.09    138.94    130.02     98.41
     68.91     52.69     42.37     36.13     33.29     32.95     32.17     32.62
     33.17     32.67     33.45     32.73     31.33     32.00     32.11     30.78
     35.29     32.45     31.95     32.50     31.78     30.33     31.22     32.23
     32.50     29.88     31.11     32.00     31.11     34.01     31.50     33.51
     32.84     31.50     31.33     32.28     32.78     31.72     33.23     33.06
     36.13     33.51     32.11     36.07     35.63     32.84     34.51     35.85
     34.34     33.79     35.01     36.85     37.52     34.57     36.52     36.30
     36.13     36.41     36.69     37.36     38.47
