   0.290 0.029    107.677
   3814
   3737
   3831
   3896
   3873
   3808
   3925
   3785
   3900
   3837
   3880
   3965
   3851
   3781
   3821
   3820
   3758
   3907
   3817
   3888
   3840
   3653
   3780
   3858
   3886
   3873
   3907
   3743
   3581
   3814
   3975
   3862
   3851
   3733
   3691
   3686
   3707
   3782
   3770
   3762
   3786
   3789
   3777
   3729
   3777
   3900
   3739
   3783
   3721
   3739
   3737
   3621
   3722
   3718
   3606
   3668
   3652
   3593
   3654
   3575
   3765
   3637
   3626
   3607
   3647
   3791
   3688
   3641
   3690
   3574
   3548
   3611
   3676
   3503
   3653
   3618
   3611
   3655
   3554
   3688
   3519
   3563
   3666
   3443
   3519
   3516
   3535
   3536
   3456
   3456
   3541
   3533
   3458
   3539
   3530
   3497
   3472
   3482
   3418
   3450
   3528
   3411
   3378
   3359
   3332
   3463
   3469
   3346
   3371
   3426
   3372
   3345
   3377
   3400
   3428
   3371
   3428
   3290
   3406
   3387
   3393
   3435
   3592
   3563
   3618
   3936
   4141
   4236
   4249
   4159
   4162
   4228
   4132
   4200
   4042
   4174
   4181
   4178
   4098
   4168
   4136
   4125
   4199
   4268
   4176
   4187
   4157
   4177
   4270
   4258
   4107
   4278
   4183
   4218
   4088
   4210
   4150
   4235
   4212
   4114
   4119
   4135
   4246
   4200
   4197
   4246
   4156
   4158
   4178
   4122
   4211
   4176
   4081
   4217
   4133
   4230
   4266
   4137
   4156
   4207
   4157
   4262
   4187
   4204
   4193
   4189
   4155
   4212
   4196
   4136
   4115
   4146
   4127
   4058
   4181
   4305
   4243
   4203
   4097
   4016
   4181
   4157
   4158
   4145
   4098
   3989
   4123
   4170
   4143
   4173
   4081
   4194
   4202
   4116
   4251
   4211
   4147
   4164
   4148
   4208
   4127
   4020
   4304
   4140
   4196
   4357
   4178
   4197
   4091
   4311
   4145
   4206
   4273
   4177
   4249
   4200
   4261
   4158
   4264
   4218
   4174
   4176
   4193
   4297
   4183
   4215
   4230
   4302
   4132
   4300
   4236
   4265
   4177
   4232
   4275
   4204
   4103
   4197
   4188
   4243
   4151
   4096
   4236
   4226
   4186
   4305
   4260
   4212
   4155
   4197
   4260
   4154
   4136
   4092
   4118
   4206
   4227
   4141
   4023
   4086
   4136
   4210
   4125
   4086
   4164
   4158
   4034
   4092
   4089
   4061
   4151
   4160
   4137
   4148
   4082
   4046
   4169
   4219
   4146
   4131
   4053
   4065
   4115
   4083
   4083
   4128
   4181
   4123
   4056
   4025
   4046
   3978
   3916
   4170
   4184
   3929
   3956
   4137
   4095
   4094
   3934
   4105
   4054
   4058
   4033
   4153
   4160
   4165
   4028
   4015
   4006
   3994
   4020
   4052
   3897
   3988
   3900
   3987
   4023
   4011
   4098
   3887
   3969
   4014
   4058
   3959
   4018
   3933
   3895
   3849
   3984
   3936
   3823
   3885
   3933
   4015
   3786
   3804
   3838
   3866
   3808
   3860
   3837
   3800
   3792
   3776
   3747
   3909
   3869
   3879
   3668
   3916
   3811
   3799
   3760
   3705
   3886
   3826
   3880
   3790
   3898
   3847
   3753
   3681
   3804
   3858
   3713
   3837
   3734
   3752
   3672
   3799
   3756
   3675
   3665
   3698
   3681
   3760
   3733
   3832
   3791
   3687
   3655
   3755
   3718
   3703
   3633
   3764
   3728
   3673
   3597
   3670
   3657
   3562
   3589
   3537
   3594
   3687
   3750
   3648
   3760
   3709
   3556
   3624
   3644
   3692
   3750
   3622
   3589
   3672
   3684
   3663
   3660
   3626
   3603
   3673
   3507
   3633
   3599
   3588
   3691
   3716
   3655
   3628
   3594
   3525
   3551
   3652
   3678
   3724
   3533
   3687
   3588
   3628
   3575
   3675
   3614
   3589
   3579
   3601
   3635
   3589
   3676
   3623
   3531
   3621
   3630
   3545
   3515
   3540
   3576
   3593
   3536
   3475
   3521
   3630
   3556
   3529
   3485
   3468
   3544
   3576
   3582
   3457
   3417
   3574
   3435
   3440
   3492
   3477
   3394
   3411
   3378
   3403
   3421
   3424
   3342
   3483
   3441
   3444
   3436
   3450
   3368
   3382
   3279
   3410
   3392
   3394
   3308
   3384
   3414
   3278
   3375
   3302
   3273
   3260
   3261
   3282
   3322
   3290
   3368
   3444
   3324
   3264
   3185
   3323
   3243
   3341
   3370
   3234
   3177
   3397
   3313
   3298
   3243
   3314
   3317
   3245
   3295
   3403
   3265
   3241
   3360
   3292
   3331
   3190
   3306
   3214
   3240
   3324
   3117
   3239
   3282
   3331
   3291
   3254
   3243
   3341
   3244
   3294
   3276
   3156
   3263
   3303
   3202
   3177
   3301
   3273
   3233
   3221
   3244
   3276
   3328
   3243
   3212
   3280
   3165
   3228
   3247
   3172
   3167
   3255
   3352
   3105
   3156
   3272
   3153
   3215
   3148
   3088
   3312
   3188
   3234
   3234
   3173
   3210
   3229
   3239
   3119
   3287
   3311
   3251
   3134
   3098
   3064
   3224
   3214
   3071
   3165
   3260
   3180
   3117
   3186
   3066
   3143
   3137
   3240
   3008
   3149
   3215
   3228
   3103
   3160
   3127
   3146
   3099
   3234
   3291
   3140
   3078
   3225
   3027
   3056
   3107
   3222
   3003
   3114
   3088
   3126
   3107
   3096
   3136
   3149
   3021
   3103
   3073
   3001
   3077
   3017
   3054
   3050
   3005
   3089
   3048
   2980
   3016
   3081
   3082
   3089
   3113
   2943
   2964
   3025
   3059
   3036
   3057
   2947
   3043
   2980
   3049
   2932
   3049
   3040
   3001
   2952
   2947
   3039
   3091
   2950
   3052
   3059
   2935
   3045
   3003
   2974
   2966
   2996
   3054
   2988
   2958
   2953
   2983
   3013
   2989
   2974
   3082
   3069
   2994
   3019
   2936
   2966
   3031
   3117
   3084
   3107
   3101
   3155
   3171
   3473
   3603
   3844
   4245
   4647
   5158
   5866
   6519
   7155
   7922
   9062
  10005
  11122
  12424
  13932
  16274
  19032
  25315
  32910
  36371
  28291
  15434
   7683
   4770
   3828
   3460
   3337
   3223
   3133
   3164
   3207
   3051
   3031
   3080
   3047
   3007
   3057
   3085
   3092
   3130
   3098
   3069
   3150
   3011
   3038
   2935
   3117
   3013
   3115
   3023
   3133
   3135
   3108
   2957
   3060
   3089
   3158
   3100
   3048
   3121
   3048
   3144
   3100
   3275
   3239
   3381
   3446
   3607
   3800
   3925
   4051
   4261
   4500
   4826
   5419
   6218
   7160
   7387
   6825
   5452
   4376
   3666
   3293
   3159
   2999
   3059
   2956
   3073
   2863
   2904
   2918
   2797
   2779
   2855
   2891
   2799
   2821
   2895
   2821
   2730
   2829
   2881
   2820
   2763
   2776
   2831
   2805
   2828
   2700
   2864
   2812
   2680
   2693
   2683
   2770
   2834
   2784
   2746
   2772
   2693
   2713
   2771
   2742
   2731
   2704
   2683
   2791
   2780
   2763
   2779
   2774
   2818
   2784
   2758
   2736
   2785
   2758
   2754
   2881
   2863
   2722
   2759
   2769
   2884
   2874
   2785
   2891
   2997
   2997
   2989
   3113
   3348
   3530
   3823
   4163
   4403
   4981
   5468
   6087
   6765
   7751
   9025
  11203
  13061
  13375
  10533
   6820
   4701
   3748
   3182
   2985
   2904
   2783
   2734
   2762
   2753
   2737
   2728
   2690
   2618
   2548
   2685
   2676
   2653
   2584
   2627
   2538
   2666
   2652
   2619
   2575
   2666
   2614
   2618
   2558
   2533
   2553
   2449
   2490
   2584
   2654
   2555
   2524
   2493
   2560
   2588
   2564
   2606
   2595
   2536
   2443
   2509
   2561
   2577
   2540
   2501
   2517
   2512
   2491
   2481
   2535
   2519
   2449
   2430
   2466
   2527
   2509
   2558
   2468
   2488
   2528
   2439
   2534
   2566
   2587
   2599
   2616
   2602
   2534
   2601
   2553
   2684
   2527
   2562
   2579
   2595
   2650
   2700
   2799
   2884
   3143
   3509
   4013
   4561
   5303
   6287
   7240
   8494
  10109
  11862
  14495
  19107
  24971
  26296
  20110
  11691
   6330
   4206
   3515
   3177
   2944
   2930
   2907
   2684
   2796
   2903
   2823
   2767
   2918
   2846
   3035
   3272
   3403
   3870
   4643
   5474
   6790
   8250
   9784
  11733
  14212
  17267
  21787
  28759
  38289
  48875
  53474
  47213
  33380
  19930
  12127
   7917
   5694
   4678
   4044
   3578
   3300
   3107
   3025
   2910
   2786
   2828
   2873
   2804
   2814
   3017
   3219
   3444
   4166
   5093
   6413
   8066
  10297
  12499
  15608
  19449
  24854
  31703
  42520
  57586
  62756
  48005
  25575
  11346
   5869
   4086
   3344
   3048
   2835
   2667
   2746
   2643
   2633
   2687
   2513
   2515
   2585
   2477
   2464
   2499
   2512
   2557
   2495
   2647
   2570
   2616
   2630
   2598
   2819
   2914
   3057
   3569
   4601
   7019
  10071
  14308
  19040
  17487
  11996
   8502
   7862
   8433
   9860
  11584
  14459
  17982
  22201
  25500
  23097
  15621
   8580
   5033
   3779
   3147
   2825
   2638
   2481
   2550
   2443
   2315
   2360
   2304
   2209
   2152
   2245
   2271
   2218
   2234
   2186
   2173
   2171
   2191
   2158
   2237
   2271
   2253
   2212
   2182
   2183
   2155
   2135
   2169
   2258
   2147
   2174
   2190
   2162
   2216
   2167
   2163
   2185
   2171
   2112
   2210
   2207
   2131
   2110
   2090
   2151
   2067
   2180
   2207
   2091
   2133
   2138
   2049
   2091
   2179
   2116
   2093
   2117
   2112
   2143
   2180
   2144
   2094
   2071
   2101
   2108
   2124
   2043
   2111
   2119
   2098
   2171
   2339
   2321
   2414
   2457
   2887
   3190
   3732
   4641
   5673
   6833
   8739
  10640
  13729
  17925
  20526
  18248
  12096
   6859
   4235
   3123
   2673
   2492
   2370
   2290
   2252
   2277
   2350
   2455
   2470
   2794
   3233
   3736
   4569
   5624
   6748
   8471
  10641
  14231
  17988
  20650
  18622
  12881
   7558
   4758
   3399
   2803
   2744
   2542
   2362
   2306
   2264
   2253
   2271
   2272
   2258
   2242
   2233
   2273
   2469
   2658
   2809
   3201
   3599
   4210
   5105
   6372
   8009
  10139
  11677
  11698
  11899
  12756
  14668
  17974
  23076
  29994
  38979
  45177
  41228
  28337
  14860
   8013
   5511
   4875
   4853
   4545
   3812
   3159
   2852
   2546
   2416
   2231
   2143
   2117
   2123
   2088
   1994
   2024
   2007
   1967
   1964
   1985
   1957
   1946
   2039
   2098
   2171
   2281
   2556
   2963
   3668
   4711
   6148
   8115
  10457
  14175
  19551
  26547
  30514
  26499
  16461
   7891
   4653
   4086
   4340
   4817
   5801
   7152
   8751
  10331
   9367
   6906
   4341
   3019
   2347
   2227
   2006
   1986
   1978
   1872
   1817
   1859
   1757
   1910
   1823
   1811
   1797
   1714
   1725
   1808
   1795
   1747
   1746
   1761
   1767
   1750
   1740
   1747
   1727
   1734
   1778
   1783
   1765
   1730
   1761
   1744
   1739
   1743
   1714
   1824
   1745
   1744
   1864
   1772
   1801
   1947
   2062
   2110
   2508
   2883
   3492
   4257
   5089
   6322
   8514
  10871
  12247
  11809
   9813
   7298
   5051
   3829
   3086
   2594
   2278
   2092
   1953
   1831
   1823
   1850
   1746
   1680
   1774
   1722
   1732
   1693
   1746
   1621
   1683
   1620
   1632
   1601
   1654
   1668
   1612
   1565
   1647
   1647
   1660
   1612
   1608
   1614
   1693
   1628
   1655
   1596
   1659
   1615
   1640
   1672
   1653
   1609
   1574
   1619
   1700
   1615
   1581
   1633
   1649
   1680
   1638
   1667
   1613
   1636
   1710
   1613
   1717
   1635
   1641
   1600
   1600
   1661
   1673
   1618
   1646
   1651
   1746
   1772
   1685
   1704
   1821
   1761
   1842
   1920
   1878
   1847
   1786
   1674
   1714
   1686
   1731
   1717
   1670
   1652
   1659
   1566
   1623
   1661
   1607
   1638
   1699
   1696
   1670
   1633
   1663
   1686
   1673
   1717
   1669
   1623
   1600
   1644
   1648
   1764
   1740
   1779
   1810
   1821
   1758
   1712
   1791
   1836
   1869
   1900
   1878
   1909
   2142
   2408
   2577
   2977
   3642
   4658
   6299
   8297
  10627
  13249
  14921
  15641
  16805
  18625
  22745
  27423
  27981
  22996
  17238
  15505
  17215
  18769
  16386
  10696
   5642
   3287
   2513
   2125
   1952
   1881
   1800
   1782
   1802
   1720
   1678
   1693
   1638
   1654
   1581
   1585
   1678
   1626
   1646
   1657
   1636
   1612
   1629
   1693
   1690
   1606
   1600
   1681
   1608
   1626
   1632
   1506
   1707
   1574
   1569
   1612
   1517
   1570
   1559
   1607
   1623
   1585
   1574
   1576
   1597
   1616
   1600
   1619
   1649
   1665
   1677
   1643
   1659
   1616
   1689
   1677
   1643
   1674
   1582
   1619
   1651
   1674
   1630
   1610
   1547
   1614
   1654
   1573
   1591
   1623
   1611
   1659
   1652
   1558
   1616
   1622
   1669
   1650
   1534
   1692
   1655
   1618
   1607
   1634
   1670
   1673
   1844
   1864
   1809
   1873
   1890
   1658
   1667
   1610
   1661
   1606
   1653
   1600
   1592
   1607
   1633
   1607
   1639
   1664
   1633
   1599
   1598
   1637
   1676
   1718
   1865
   1892
   1855
   1869
   1997
   2212
   2409
   2521
   2928
   3404
   4167
   5050
   6099
   7273
   8463
  10320
  13292
  17137
  21237
  22675
  19641
  13853
  11309
  12742
  16420
  20339
  23731
  24103
  20190
  14207
   9090
   6098
   4441
   3702
   2961
   2756
   2517
   2300
   2242
   2164
   2094
   1995
   1986
   2083
   2000
   2008
   2020
   1979
   2058
   2138
   2168
   2356
   2707
   2977
   3557
   4582
   5977
   8265
  11451
  14452
  15457
  13859
  10864
   8229
   6116
   4749
   4136
   3880
   4106
   5386
   7537
  10983
  16700
  25423
  35012
  40710
  36308
  23268
  10384
   4808
   2978
   2339
   2022
   1877
   1721
   1702
   1621
   1656
   1643
   1580
   1596
   1556
   1525
   1552
   1576
   1573
   1524
   1535
   1562
   1547
   1573
   1555
   1483
   1549
   1467
   1532
   1549
   1547
   1469
   1565
   1481
   1505
   1601
   1425
   1475
   1491
   1476
   1572
   1633
   1519
   1516
   1514
   1517
   1478
   1489
   1462
   1454
   1470
   1477
   1486
   1478
   1465
   1424
   1516
   1442
   1418
   1364
   1417
   1425
   1464
   1390
   1461
   1459
   1372
   1333
   1442
   1491
   1344
   1439
   1434
   1468
   1417
   1376
   1398
   1418
   1444
   1387
   1427
   1432
   1447
   1473
   1462
   1466
   1485
   1463
   1451
   1500
   1422
   1423
   1469
   1501
   1575
   1475
   1514
   1450
   1529
   1456
   1511
   1590
   1497
   1518
   1561
   1559
   1606
   1601
   1588
   1613
   1663
   1771
   1895
   1924
   2250
   2678
   3606
   5077
   7444
  10476
  13396
  14516
  13287
   9714
   6015
   3724
   2711
   2223
   1945
   1836
   1717
   1739
   1608
   1553
   1574
   1579
   1601
   1639
   1558
   1613
   1595
   1522
   1590
   1604
   1534
   1550
   1525
   1536
   1536
   1623
   1546
   1529
   1554
   1535
   1572
   1580
   1604
   1681
   1707
   1561
   1601
   1723
   1768
   1879
   2111
   2695
   3845
   5676
   9102
  13849
  19351
  24041
  24269
  17932
   8676
   4058
   2457
   2059
   1864
   1769
   1736
   1654
   1627
   1630
   1585
   1619
   1574
   1554
   1593
   1592
   1529
   1656
   1662
   1582
   1489
   1482
   1503
   1491
   1570
   1620
   1587
   1574
   1564
   1600
   1511
   1535
   1609
   1622
   1622
   1580
   1564
   1644
   1676
   1558
   1570
   1611
   1577
   1581
   1574
   1519
   1606
   1603
   1539
   1549
   1522
   1589
   1503
   1578
   1568
   1588
   1570
   1615
   1654
   1654
   1734
   1684
   1761
   1812
   2054
   2575
   3254
   4733
   7168
  10188
  12782
  13706
  11483
   6842
   3727
   2633
   2296
   2215
   2287
   2369
   2711
   3673
   4997
   7736
  11989
  16586
  21240
  23503
  20360
  13759
   8048
   4866
   3307
   2693
   2432
   2213
   2115
   2062
   1955
   1914
   1989
   1959
   2054
   1973
   2053
   2122
   2231
   2337
   2664
   2935
   3600
   4512
   6139
   8649
  12433
  17886
  23820
  29290
  31305
  27605
  18485
  10484
   6287
   4362
   3373
   2890
   2601
   2356
   2194
   2155
   2031
   1869
   1929
   1960
   1988
   2010
   2083
   2081
   2173
   2278
   2224
   2117
   2017
   1933
   1828
   1802
   1720
   1624
   1638
   1656
   1598
   1636
   1559
   1570
   1575
   1551
   1583
   1623
   1570
   1620
   1607
   1567
   1580
   1650
   1581
   1570
   1540
   1469
   1556
   1551
   1540
   1510
   1525
   1543
   1557
   1594
   1579
   1554
   1577
   1522
   1520
   1484
   1576
   1545
   1487
   1503
   1582
   1511
   1539
   1613
   1610
   1647
   1719
   2029
   2178
   2164
   2212
   1998
   1690
   1573
   1507
   1507
   1586
   1547
   1540
   1581
   1603
   1634
   1641
   1583
   1551
   1610
   1613
   1596
   1627
   1623
   1586
   1601
   1720
   1656
   1767
   1916
   2096
   2230
   2708
   3272
   3938
   4734
   5280
   5165
   4755
   3986
   3422
   2965
   2697
   2589
   2611
   2828
   3147
   3370
   3628
   3653
   3599
   3472
   3367
   3094
   3168
   3635
   4006
   4528
   4501
   4137
   3761
   3428
   3119
   2863
   2600
   2334
   2148
   2025
   1892
   1810
   1879
   1749
   1695
   1756
   1717
   1687
   1702
   1690
   1708
   1685
   1676
   1744
   1735
   1712
   1729
   1691
   1747
   1827
   1740
   1817
   1796
   1833
   2119
   2286
   2317
   2399
   2210
   2108
   2050
   2142
   2073
   1983
   2096
   2310
   2595
   3200
   4542
   6763
  10624
  15629
  20276
  21993
  18180
  11630
   6985
   4684
   4031
   3917
   4028
   4692
   5982
   7636
   9799
  12051
  12697
   9753
   5430
   3157
   2440
   2091
   2038
   1871
   1950
   1796
   1774
   1761
   1802
   1722
   1789
   1782
   1815
   1763
   1744
   1755
   1738
   1745
   1801
   1807
   1705
   1701
   1807
   1793
   1725
   1705
   1726
   1805
   1732
   1821
   1788
   1793
   1821
   1778
   1801
   1855
   1932
   2029
   2102
   2176
   2399
   2816
   3256
   3972
   4914
   5690
   6096
   5590
   4729
   4043
   3406
   2890
   2590
   2314
   2211
   2032
   1961
   1896
   1925
   1863
   1888
   1919
   1912
   1846
   1790
   1811
   1832
   1801
   1781
   1847
   1932
   2051
   2128
   2225
   2444
   2668
   3011
   3419
   3714
   3651
   3544
   3315
   3058
   2691
   2496
   2351
   2201
   1994
   2070
   1967
   1918
   1891
   1929
   1961
   1952
   1980
   1952
   1981
   2247
   2431
   2750
   3333
   4170
   5359
   6694
   7749
   8811
  10432
  12743
  13633
  11603
   7890
   4729
   3362
   2747
   2433
   2292
   2249
   2185
   2083
   2049
   2062
   2063
   2074
   2037
   2022
   1988
   1990
   1950
   2074
   2037
   2027
   2048
   2079
   2099
   2167
   2214
   2352
   2691
   3560
   5236
   8737
  14788
  22214
  30507
  34725
  27057
  14062
   6641
   4128
   3340
   3249
   3443
   4334
   6067
   8654
  12085
  16610
  20653
  20681
  15549
   9691
   7028
   7511
  10210
  14273
  18513
  20932
  18493
  12553
   7354
   4693
   3576
   2976
   2617
   2476
   2388
   2294
   2211
   2265
   2220
   2110
   2094
   2101
   2079
   2071
   2215
   2153
   2196
   2135
   2313
   2513
   2846
   3561
   5061
   7199
   9915
  12944
  14912
  14401
  10555
   7020
   4643
   3598
   3038
   2757
   2524
   2393
   2316
   2227
   2076
   2088
   2017
   2054
   2033
   1955
   1950
   2072
   2023
   1960
   1988
   1974
   1953
   2007
   2011
   2049
   1934
   1938
   2041
   2118
   2099
   2108
   2273
   2406
   2509
   2821
   3167
   3447
   3356
   3330
   3227
   3204
   3066
   2881
   2669
   2497
   2310
   2149
   2092
   2033
   2124
   2077
   1985
   2062
   2070
   1947
   2071
   1981
   1938
   1921
   1923
   1900
   2033
   2036
   1906
   1996
   1980
   1944
   1982
   1989
   1934
   1904
   1964
   1971
   1950
   2008
   1998
   2065
   1998
   2122
   2178
   2260
   2424
   2958
   4058
   6160
   9869
  14997
  22077
  27707
  25291
  15898
   7025
   3987
   2760
   2483
   2308
   2191
   2047
   2081
   2195
   2058
   1981
   2040
   1995
   2113
   2105
   2054
   2058
   2118
   2096
   2031
   2196
   2212
   2559
   2991
   3432
   3686
   3790
   3331
   2850
   2489
   2378
   2486
   2649
   2790
   3016
   3368
   3696
   3921
   4042
   3988
   3652
   3383
   3083
   2878
   2745
   2543
   2520
   2382
   2272
   2301
   2233
   2201
   2242
   2207
   2153
   2132
   2149
   2242
   2224
   2198
   2256
   2345
   2494
   2540
   2619
   2529
   2536
   2406
   2289
   2362
   2296
   2260
   2198
   2200
   2281
   2224
   2158
   2134
   2101
   2112
   2190
   2232
   2293
   2488
   2605
   2673
   2582
   2415
   2303
   2265
   2187
   2180
   2163
   2223
   2146
   2116
   2129
   2155
   2106
   2165
   2146
   2196
   2241
   2203
   2192
   2214
   2162
   2195
   2180
   2187
   2216
   2209
   2189
   2187
   2174
   2135
   2245
   2228
   2322
   2203
   2252
   2259
   2252
   2338
   2285
   2342
   2344
   2334
   2292
   2312
   2409
   2503
   2740
   3173
   4093
   6059
   9347
  14350
  19989
  22251
  16227
   8593
   4712
   3424
   2958
   2771
   2658
   2724
   2766
   2813
   2985
   3304
   3852
   4776
   6164
   8188
  10284
  11874
   9920
   6630
   4413
   3486
   3082
   2831
   2846
   2839
   2919
   2906
   3068
   3448
   4159
   5332
   7007
   8956
  10405
  10429
   9084
   7763
   6523
   5300
   4486
   4239
   4497
   5338
   5998
   6837
   7111
   6549
   5327
   4222
   3555
   3170
   2979
   2824
   2759
   2685
   2652
   2567
   2529
   2585
   2534
   2510
   2454
   2477
   2440
   2450
   2413
   2402
   2400
   2446
   2418
   2362
   2390
   2386
   2337
   2365
   2372
   2438
   2339
   2400
   2471
   2511
   2476
   2414
   2459
   2532
   2485
   2363
   2553
   2482
   2507
   2457
   2507
   2521
   2547
   2564
   2534
   2539
   2535
   2541
   2538
   2514
   2551
   2582
   2548
   2566
   2487
   2591
   2561
   2667
   2584
   2539
   2647
   2667
   2601
   2549
   2546
   2606
   2646
   2599
   2655
   2640
   2724
   2678
   2603
   2546
   2605
   2645
   2563
   2660
   2729
   2762
   2859
   3083
   3623
   4568
   5727
   6650
   5858
   4434
   3290
   2952
   2750
   2606
   2619
   2624
   2741
   2617
   2543
   2529
   2635
   2585
   2648
   2745
   2771
   2825
   2902
   2893
   2803
   2826
   2900
   2992
   3533
   3964
   4614
   5300
   5279
   4523
   3728
   3328
   3039
   2961
   3045
   3100
   3157
   3171
   3195
   3016
   3056
   2962
   3023
   2927
   2871
   2993
   2909
   3142
   3382
   3913
   4413
   4899
   5384
   5078
   4572
   4634
   4956
   4800
   4698
   4513
   4331
   4066
   3755
   3621
   3348
   3258
   3137
   3121
   3084
   2978
   2930
   2956
   3008
   3025
   3178
   3190
   3091
   3164
   3207
   3092
   3031
   3008
   3010
   3051
   2957
   2887
   2855
   2943
   2794
   2856
   2836
   2824
   2924
   2906
   2890
   2874
   2835
   2914
   2969
   2923
   2910
   2871
   2864
   2934
   2873
   2889
   2977
   2982
   2950
   2914
   2883
   3001
   3178
   3225
   3392
   3445
   3375
   3225
   3076
   3092
   3177
   3136
   3258
   3309
   3306
   3337
   3458
   3632
   3845
   4327
   4906
   5783
   7352
   9390
  12790
  17393
  22127
  21728
  15835
   9768
   6541
   5326
   4722
   4339
   4248
   4121
   3929
   3879
   3935
   4053
   4167
   4672
   5144
   5481
   5449
   4918
   4182
   3817
   3524
   3412
   3526
   3479
   3487
   3418
   3587
   3549
   3847
   3983
   4348
   4528
   4673
   4690
   4476
   4264
   4162
   3966
   3815
   3715
   3522
   3477
   3547
   3462
   3402
   3351
   3121
   3144
   3163
   3162
   3145
   3124
   3137
   3141
   3129
   3042
   3102
   3192
   3173
   3167
   3133
   3091
   3121
   3172
   3140
   3213
   3210
   3215
   3276
   3098
   3188
   3196
   3185
   3178
   3215
   3229
   3191
   3290
   3277
   3375
   3687
   3958
   4313
   4943
   5573
   5313
   5013
   4711
   4851
   4918
   5095
   4624
   4006
   3790
   3614
   3507
   3422
   3510
   3487
   3281
   3366
   3364
   3306
   3368
   3334
   3274
   3330
   3283
   3312
   3223
   3313
   3500
   3480
   3344
   3476
   3357
   3292
   3391
   3364
   3309
   3544
   3523
   3429
   3507
   3473
   3607
   3974
   3919
   4466
   5319
   7144
  10553
  17535
  28890
  40817
  41280
  28885
  15082
   9353
   8808
  10725
  15379
  19704
  19818
  14282
   8977
   5899
   4793
   4193
   3918
   3743
   3913
   3706
   3589
   3684
   3756
   3670
   3687
   3621
   3552
   3655
   3725
   3701
   3619
   3644
   3693
   3621
   3708
   3701
   3953
   3947
   4224
   4672
   5511
   6615
   7255
   7439
   6518
   5300
   4501
   4081
   3974
   3857
   3758
   3733
   3784
   3815
   3903
   3927
   3998
   4129
   4477
   5134
   6120
   7810
  10730
  13655
  15041
  13080
   9383
   6797
   5330
   4625
   4168
   3978
   3860
   3781
   3771
   3812
   3598
   3808
   3741
   3647
   3652
   3652
   3543
   3552
   3635
   3679
   3682
   3695
   3751
   3633
   3708
   3732
   3666
   3782
   3791
   3715
   3730
   3969
   4095
   4234
   4407
   4744
   4759
   4554
   4123
   4124
   3982
   3940
   4042
   4019
   3898
   4032
   4128
   4499
   5050
   5540
   6828
   8113
   8879
   8214
   6482
   5129
   4596
   4308
   3940
   3887
   4033
   3964
   3898
   3931
   3934
   3791
   3858
   3877
   3890
   3872
   3833
   3915
   3862
   3754
   3817
   3964
   4022
   3963
   3895
   3970
   3988
   3932
   3953
   3991
   3808
   3898
   3992
   3853
   4002
   3937
   3856
   3860
   4034
   4147
   4056
   4051
   3891
   4010
   4162
   3999
   4073
   4282
   4428
   4674
   5248
   5928
   7052
   8310
   8357
   7344
   6169
   5188
   4760
   4702
   4822
   4947
   5031
   5087
   5045
   5185
   4994
   4820
   4827
   4742
   4702
   4611
   4645
   4419
   4486
   4381
   4421
   4302
   4360
   4518
   4412
   4196
   4307
   4436
   4538
   4279
   4276
   4322
   4269
   4275
   4280
   4275
   4227
   4288
   4449
   4359
   4117
   4101
   4235
   4323
   4428
   4350
   4390
   4348
   4348
   4527
   4537
   4581
   4529
   4742
   4644
   4687
   4727
   4887
   5019
   5243
   5682
   5900
   6391
   7103
   7922
   8181
   8573
   8488
   9450
  11187
  13981
  17733
  19991
  18120
  14435
  12146
  10890
  10785
  11411
  13410
  16638
  21025
  25405
  27004
  25084
  20548
  15098
  10759
   8080
   6818
   6204
   5998
   6002
   6500
   7537
   9359
  12234
  13679
  11569
   8303
   6229
   5509
   5024
   4981
   5025
   5009
   5124
   5137
   5282
   5505
   5554
   5851
   5723
   6040
   6268
   6199
   6125
   6121
   5978
   5726
   5650
   5641
   5419
   5318
   5087
   4995
   4981
   4992
   5106
   4971
   4892
   4711
   4842
   4996
   4876
   4701
   4905
   4840
   4916
   4974
   4848
   4845
   4816
   4833
   4874
   4891
   4924
   4892
   4869
   4874
   4876
   5000
   4870
   5034
   4891
   4886
   4917
   4964
   5106
   4925
   5178
   5069
   5057
   5155
   5192
   5221
   5228
   5277
   5398
   5327
   5250
   5137
   5199
   5188
   5210
   5291
   5216
   5166
   5100
   5234
   5166
   5035
   5092
   5325
   5310
   5294
   5500
   5807
   6163
   6715
   6870
   6871
   6595
   6652
   7115
   8435
  10191
  12210
  13469
  12721
  10325
   8120
   6869
   6334
   6081
   5874
   5677
   5611
   5760
   5877
   5993
   6406
   6397
   6637
   6873
   7352
   8022
   8381
   8278
   8334
   8007
   7846
   7757
   7490
   7228
   7136
   7097
   7549
   8538
  10341
  14265
  21919
  35316
  50610
  52843
  37382
  21018
  12322
   8650
   7300
   6684
   6289
   6157
   6043
   5864
   6003
   5685
   5828
   5807
   5801
   5701
   5604
   5705
   5796
   5647
   5696
   5546
   5724
   5802
   5660
   5659
   5735
   5771
   5700
   5769
   5900
   5763
   5773
   5816
   5803
   5910
   5864
   5852
   6020
   6095
   6021
   6377
   6840
   7365
   8419
  10146
  12523
  14955
  15634
  13673
  10823
   8742
   7383
   6809
   6521
   6148
   6236
   6273
   6210
   6075
   5867
   5920
   5917
   6038
   5983
   5950
   6004
   5986
   5936
   5896
   5928
   6049
   5917
   5901
   5889
   5779
   5819
   6036
   6008
   5986
   5978
   5927
   6013
   6114
   6091
   6006
   6058
   6204
   6132
   6242
   6044
   6265
   6170
   6162
   6175
   6074
   5999
   6008
   6026
   6004
   6092
   6000
   6079
   6175
   6295
   6424
   6683
   7318
   8076
   9105
  10808
  12868
  13641
  12962
  11086
   9378
   8407
   7895
   7602
   7443
   7252
   7189
   7287
   7878
   8308
   8379
   8042
   7497
   7222
   7176
   7286
   7916
   9006
  11378
  15700
  24238
  37905
  49339
  46111
  30631
  17502
  11649
   9025
   7809
   7506
   7508
   7421
   7720
   8335
   9549
  11527
  14730
  18288
  19802
  17993
  14199
  11457
   9354
   8420
   7823
   7310
   7336
   7081
   6839
   6834
   6848
   6765
   6601
   6600
   6633
   6663
   6677
   6500
   6402
   6362
   6173
   6394
   6571
   6353
   6231
   6312
   6357
   6243
   6267
   6341
   6339
   6270
   6385
   6217
   6327
   6368
   6410
   6156
   6318
   6347
   6326
   6182
   6290
   6373
   6392
   6439
   6512
   6542
   6441
   6675
   6600
   6640
   7017
   6894
   7373
   7522
   7652
   7837
   7974
   7901
   8001
   8002
   8192
   8211
   8256
   8469
   8570
   8893
   8969
   8899
   8790
   8419
   8162
   8208
   8213
   7946
   7814
   7722
   7445
   7474
   7705
   7733
   7983
   8784
  10289
  12689
  15421
  16455
  14491
  11367
   9179
   8070
   7537
   7283
   7104
   6975
   7116
   6806
   6817
   6930
   6852
   6893
   6844
   6990
   7072
   7161
   7428
   7465
   7858
   8558
   8821
   9334
   9508
   9157
   8683
   8333
   8236
   8406
   8744
  10267
  13066
  18109
  25008
